000 01 100 05 101
001 21 100 06 100
002 09 100 0A 000
003 15 000 14 000
004 12 100 09 100
005 13 100 09 100
006 01 103 12 100
007 09 103 01 100
008 0B 101 09 101
009 0B 101 07 101
00A 08 101 03 101
00B 01 102 03 102
00C 05 102 06 102
00D 08 102 07 102
00E 0B 102 0B 102
00F 02 101 21 100
010 09 102 0A 000
011 02 102 09 103
012 0D 200 00 000
100 00 000 00 005
101 00 000 00 004
102 FF FFF FF FFF
103 00 000 00 000
104 00 000 00 006
200 0E 250 00 000
250 00 000 0F 300
300 10 350 00 000
350 00 000 01 102
351 0F 3FF 10 3FF
352 01 104 0C 101
353 0C 102 0C 102
354 0C 103 00 000
